170003
220004
130012
170010
110023
140031
020057
220023
020070
150027
170052
170060
120075
020130
020135
020138
070101
090093
170098
070111
090098
110101
120110
210099
220099
220104
110112
030107
130188
210119
090128
020188
020201
140138
100136
020216
090157
140170
020223
020227
070202
070203
020238
170187
070212
020243
100172
070230
020268
070238
140204
020274
210196
140221
020291
020292
020300
220224
020321
220266
110295
100286
020392
140318
140319
120337
070381
040363
020433
070413
030312
210333
020495
140383
110391
220360
020523
020526
200290
170402
210366
140427
170423
140433
220403
230270
220404
140455
140459
020581
020585
170432
020643
110495
210424
020674
140538
110531
070536
090498
200365
170500
070548
220502
070554
170506
210472
020749
070567
150424
140607
100500
070585
110588
090542
220536
200418
150447
220567
140640
020812
210543
100562
020836
070668
110666
140695
110672
020882
110678
110687
020909
060379
110709
140737
210627
220718
020961
