140005
020016
100019
020030
220018
110018
220020
020061
170040
110045
190051
110053
110056
020123
200062
170076
070103
030087
140118
200089
020191
220143
140179
170195
110198
020265
220191
110220
020280
020285
070264
090242
210231
220233
020323
080326
090275
200200
170274
020353
230179
120307
150234
020377
020378
200219
210280
090313
170299
110332
020430
220312
040372
110363
170360
170362
140371
020491
210342
070427
150303
100371
140420
090419
020556
140448
220415
020613
110471
020618
220439
020655
020684
020714
020715
170511
020762
020766
110592
230359
110618
140642
170572
210538
070640
090593
090596
020837
120605
220631
040691
210607
220652
140752
170680
040737
120681
140777
020948
