070006
150005
170017
100020
220019
140025
110029
020052
020081
230023
070053
070056
170047
170064
070079
090078
170103
170104
060063
210101
150082
170114
210104
070152
200098
210123
090132
020197
140142
070194
020230
060101
140183
020232
110181
100165
170188
170196
070226
020259
200146
210197
070267
090246
020307
210220
110252
020311
170259
170260
070308
070310
220253
020355
110285
020357
140299
230197
120331
020408
170325
110331
170327
090331
110336
100311
200244
220309
130468
070410
200265
140373
030341
140396
040422
110429
020542
220394
140442
100398
090422
140447
110455
070471
220443
190416
070493
020673
090463
220465
200347
140540
140546
070538
020719
070545
220496
220497
020726
230348
090529
020772
040600
090552
090554
100526
070610
090565
070624
090571
070627
020807
090581
110622
220585
170591
090607
020842
200469
200475
110661
090654
150528
020905
200518
220668
100621
090683
220690
070761
020950
020951
230470
210657
210658
110752
020954
230471
220726
020971
210276
170509
210027
