160003
090008
100012
100013
230011
150007
110015
020029
020043
090028
020044
020046
100025
040041
020053
020054
020056
040045
110030
150017
020063
090033
100038
140055
110047
020093
020096
020099
170050
020105
200039
020108
110059
070062
020112
040084
020122
090080
140092
110076
170090
220077
100084
090095
070105
040114
170100
070144
110120
070164
220134
070167
140137
110146
020209
090149
170156
110176
020239
020248
110187
200136
020253
070223
110192
220181
180186
020261
020263
140194
090204
110213
200155
140217
140220
190214
090224
090260
110259
110264
090286
140284
020348
110281
020350
210261
220257
090299
090319
020394
100292
020403
070389
020428
200250
140347
020434
220315
220316
220319
020448
020450
110358
200264
020459
070409
020467
090355
020469
100336
020481
070417
130487
090361
120379
020497
100344
070428
090373
110388
020504
100351
110392
200276
110395
070433
140394
020518
110404
020529
020534
020537
110426
210372
100378
140424
110434
070456
020541
100392
220405
140446
030380
140456
110459
090426
020602
070467
090428
140484
100426
020628
020630
110485
140504
100430
140513
170454
170456
220453
110500
020662
110504
110505
020667
020679
090468
220463
110528
090476
220480
190448
170482
170481
020703
110542
020710
020712
140561
070540
100479
020743
050307
070565
210481
170531
090540
140612
070592
020796
090558
070613
200429
110612
130814
220577
020817
090599
090600
110630
020828
070649
020833
070652
090612
090613
170600
100568
220604
090629
020861
020860
020862
170621
030557
020868
110669
230429
020886
020885
170639
020893
020895
170645
220646
140718
140724
070707
140730
140739
110737
100647
090706
070763
170695
070764
020964
100671
170717
020966
110767
090725
220733
020975
220739
020980
020983
170571
