110013
020035
020040
210034
170031
220042
150050
140085
090084
050059
020139
210088
110086
100083
020147
020164
110139
070231
140195
200143
170213
020308
200184
070322
030260
070345
090310
220273
020399
140321
090337
140340
070388
070398
020447
020453
090349
140359
020473
020479
110375
170374
170375
020499
200269
030329
020516
100386
220395
200305
020549
020563
020572
020574
160252
020596
030394
090430
020653
020654
110507
110510
230309
020718
140597
020776
070620
140635
170566
020811
090584
110623
140645
020818
140647
100549
070645
020826
020827
110639
210577
120612
110688
140731
020914
070722
020919
070738
100642
110738
170698
170715
140800
020963
020967
210673
020968
220738
130828
