140015
070028
170021
100027
170023
020075
020076
180038
020110
140089
020136
100078
020149
020153
150074
200080
200088
170119
140119
100112
090131
020190
180143
020213
150140
200137
110193
220186
140196
210177
020272
120229
220212
020290
090241
070276
070311
020347
020349
220252
200205
200208
210278
090316
220274
020416
140343
110348
030293
020456
110360
220330
020498
070421
020496
020508
040409
020524
140425
020550
110450
070469
020611
210403
110473
110498
140530
020699
140543
020702
020709
210450
020753
020755
080706
170583
190562
090603
210575
070676
220611
220621
220633
040692
090650
140708
220654
100631
200547
020946
200568
140814
