020001
110004
220008
110005
220009
100010
090017
020017
170015
090018
070020
020025
020026
110009
220014
120019
020032
070031
020033
020036
100024
020048
220022
020064
020060
020062
150026
210044
020088
170044
020092
220049
110052
020094
090061
040075
100052
070059
020104
040081
020114
090066
020116
020119
020126
070086
220070
020129
020133
110081
110082
090089
220079
110087
110088
220081
210089
020148
170093
110094
110097
230052
220086
020161
090099
070120
020165
020166
070132
170118
020172
020173
150093
170135
110129
110131
020182
220125
070160
110137
090139
070175
020210
140160
110160
170171
100154
020225
140177
200128
020234
090173
020247
140187
220175
020251
090190
090188
110194
020264
110201
020267
020271
170210
070244
100203
210195
140222
100209
110231
110232
110233
020296
020304
170245
070277
110251
130329
210236
150194
120281
110265
020329
100246
110273
020336
080344
140289
140298
090297
170288
020371
020372
210277
170294
170295
120313
220270
110306
110310
020387
020390
110316
100290
020400
170313
100299
200231
020404
070370
020407
020409
220289
070375
220291
030280
110341
020426
110345
140348
020437
100320
090343
020440
020441
020443
170350
170351
020449
140360
070406
020465
020466
070412
020475
110368
140369
070416
090360
120378
020489
020494
070422
140377
110382
110379
170372
090370
170386
020502
170388
070432
110396
020514
020515
220353
110407
110414
100373
100376
110425
020539
110444
140436
060248
020552
020554
100397
170426
100402
020568
110452
070464
110454
140460
020578
020591
220410
020597
090431
020609
140491
110472
020621
090437
040489
020624
090441
020626
020631
090444
020639
110490
070495
020646
140515
020647
020649
020650
020651
100435
040502
090454
020656
140519
170457
140520
020663
170459
020666
020668
170461
030421
020670
140524
110508
140526
110511
200345
020677
100441
020683
220469
110518
110524
110525
090475
140537
020693
100451
130670
020696
170488
170489
040534
070542
020730
020731
020732
070552
020734
020735
220506
020738
110559
110560
020741
110561
020750
020751
210474
220516
140594
020759
090526
140600
020768
020774
090536
110584
110593
170536
220546
220547
020782
020787
110604
220557
020799
090564
030513
020800
110614 
020803 
020804 
090578 
100545
020814 
180543 
090586 
230388 
020819
140651 
020823 
020824 
090595 
070646
090602 
020829 
070657 
110645 
220600
070673 
220606 
220608 
020859
020864
020863
220620
170625
090635
070683
120619
020878
210596
020883
190627
020889
060375
140719
020902
070705
090666
160381
110704
170660
110705
020910
100609
170664
090684
020925
140760
070748
140775
220706
030621
090712
090713
020962
140802
100675
020970
030643
120712
110773
220740
070304
