170001
020004
050011
070026
120016
110021
100034
020082
230034
100057
070076
070080
020156
140110
200076
150067
170099
070112
070125
170123
120128
110121
110123
090123
170137
210122
100125
220133
020202
020206
140144
020220
210154
040194
020229
170180
070209
020240
140186
220183
100184
070234
020273
140211
220201
020283
220210
020299
170248
140256
170257
210243
020325
020334
070316
090292
020356
170291
070355
100291
020395
110319
020396
110322
020413
200240
090332
020419
040356
110361
230231
070414
070436
090393
070442
070447
170399
170406
110440
020547
020548
020555
020559
070462
020569
020584
140472
140492
020633
020644
170458
110506
170478
020689
020690
150382
090481
070520
070524
140571
020727
140581
020748
070576
020770
170530
170548
070612
150460
090573
040636
110632
020832
230394
090606
020838
040670
170632
140701
230433
230444
220663
210639
140768
020941
140790
140792
110781
