020006
020007
100007
020021
020037
100021
140034
120042
020087
030051
220051
020113
200043
020118
020124
020125
100063
100067
090085
070107
070127
100118
100119
100121
040149
020180
110134
200103
090136
020189
220129
120158
020207
020211
090151
020214
110159
110165
020226
220168
110180
100164
020235
020237
170186
110183
090187
170199
090200
090203
220195
170207
100198
090212
110215
020294
170228
100220
100222
110242
100223
140246
020310
100236
110255
030214
020333
020337
040294
100256
020362
090296
020368
090302
020376
100288
170307
170308
100294
170316
110327
100314
020420
020425
140342
020432
020438
020439
030301
020452
070405
070418
090363
090372
020507
090379
020512
090386
070439
170395
220369
090402
150318
090412
100384
090420
020565
170428
020590
020593
030401
020607
110467
090433
070476
070490
140508
090452
020661
020669
110509
120486
090467
070514
020692
090488
020713
020721
170504
100475
020764
040596
040606
100521
110603
020789
190523
020797
140638
020805
100544
140641
100546
020834
110644
100566
170602
140694
020870
220626
110670
020874
070687
110683
020896
090658
110707
020912
040721
050405
100625
020927
070750
100641
110748
070773
110750
020952
070780
230476
020955
140807
110777
170475
170278
